00 0000000000000000010000000000000000000000000000000
10 0000000000000000010000000000000000000000000000000
00 0000000000000000010000000000000000000000000000000
10 0000000000000000010000000000000000000000000000000
00 0000000000000000010000000000000000000000000000000
10 0000000000000000010000000000000000000000000000000
00 0000000000000000010000000000000000000000000000000
10 0000000000000000010000000000000000000000000000000
00 0000000000000000010000000000000000000000000000000
10 0000000000000000010000000000000000000000000000000
00 0000000000000000010000000000000000000000000001010
10 0000000000000000010000000000000000000000000001010
00 0000000000000000110000000000000000000000000001010
10 0000000000000000110000000000000000000000000001010
00 0000000000000001010000000000000000000000000001010
10 0000000000000001010000000000000000000000000001010
00 0000000000000001110000000000000000000000000001010
10 0000000000000001110000000000000000000000000001010
00 0000000000000010010000000000000000000000000001010
10 0000000000000010010000000000000000000000000001010
00 0000000000000010110000000000000000000000000001010
10 0000000000000010110000000000000000000000000001010
00 0000000000000011010000000000000000000000000001010
10 0000000000000011010000000000000000000000000001010
00 0000000000000011110000000000000000000000000001010
10 0000000000000011110000000000000000000000000001010
00 0000000000000100010000000000000000000000000001010
10 0000000000000100010000000000000000000000000001010
00 0000000000000100010000000000000000000000000001010
10 0000000000000100010000000000000000000000000001010
00 0000000000000100010000000000000000000000000001010
10 0000000000000100010000000000000000000000000001010
00 0000000000000100010000000000000000000000000001010
10 0000000000000100010000000000000000000000000001010
00 0000000000000100010000000000000000000000000001010
10 0000000000000100010000000000000000000000000001010
00 0000000000000100010000000000000000000000000001010
10 0000000000000100010000000000000000000000000001010
