110 0000000000000000000000000000000000000000000000000 1111111111111111111111111111111111111111111111111
010 0000000000000000000000000000000000000000000000000 1111111111111111111111111111111111111111111111111
100 0000000000000000000000000000000000000000000000000 1111111111111111111111111111111111111111111111111
000 0000000000000000000000000000000000000000000000000 1111111111111111111111111111111111111111111111111
110 0000000000000000000000000000000000000000000000000 1111111111111111111111111111111111111111111111111
010 0000000000000000000000000000000000000000000000000 1111111111111111111111111111111111111111111111111
100 0000000000000000000000000000000000000000000000000 1111111111111111111111111111111111111111111111111
000 0000000000000000000000000000000000000000000000000 1111111111111111111111111111111111111111111111111
110 0000000000000000000000000000000000000000000000000 1111111111111111111111111111111111111111111111111
010 0000000000000000000000000000000000000000000000000 1111111111111111111111111111111111111111111111111
100 0000000000000000000000000000000000000000000000000 1111111111111111111111111111111111111111111111111
000 0000000000000000000000000000000000000000000000000 1111111111111111111111111111111111111111111111111
110 0000000000000000000000000000000000000000000000000 1111111111111111111111111111111111111111111111111
010 0000000000000000000000000000000000000000000000000 1111111111111111111111111111111111111111111111111
100 0000000000000000000000000000000000000000000000000 1111111111111111111111111111111111111111111111111
000 0000000000000000000000000000000000000000000000000 1111111111111111111111111111111111111111111111111
110 0000000000000000000000000000000000000000000000000 1111111111111111111111111111111111111111111111111
010 0000000000000000000000000000000000000000000000000 1111111111111111111111111111111111111111111111111
100 0000000000000000000000000000000000000000000000000 1111111111111111111111111111111111111111111111111
000 0000000000000000000000000000000000000000000000000 1111111111111111111111111111111111111111111111111
110 0000000000000000000000000000000000000000000000000 1111111111111111111111111111111111111111111111111
010 0000000000000000000000000000000000000000000000000 1111111111111111111111111111111111111111111111111
100 0000000000000000000000000000000000000000000000000 1111111111111111111111111111111111111111111111111
000 0000000000000000000000000000000000000000000000000 1111111111111111111111111111111111111111111111111
110 0000000000000000000000000000000000000000000000000 1111111111111111111111111111111111111111111111111
010 0000000000000000000000000000000000000000000000000 1111111111111111111111111111111111111111111111111
100 0000000000000000000000000000000000000000000000000 1111111111111111111111111111111111111111111111111
000 0000000000000000000000000000000000000000000000000 1111111111111111111111111111111111111111111111111
110 0000000000000000000000000000000000000000000000000 1111111111111111111111111111111111111111111111111
010 0000000000000000000000000000000000000000000000000 1111111111111111111111111111111111111111111111111
100 0000000000000000000000000000000000000000000000000 1111111111111111111111111111111111111111111111111
000 0000000000000000000000000000000000000000000000000 1111111111111111111111111111111111111111111111111
110 0000000000000000000000000000000000000000000000000 1111111111111111111111111111111111111111111111111
010 0000000000000000000000000000000000000000000000000 1111111111111111111111111111111111111111111111111
100 0000000000000000000000000000000000000000000000000 1111111111111111111111111111111111111111111111111
000 0000000000000000000000000000000000000000000000000 1111111111111111111111111111111111111111111111111